Memoria
1 0.469483
2 0.417580
3 0.397848
4 0.390920
5 0.440880
6 0.395579
7 0.442396
8 0.395977
9 0.381892
10 0.397221
Fixo
1 0.045153
2 0.094136
3 0.139549
4 0.187975
5 0.243014
6 0.289708
7 0.376886
8 0.409052
9 0.457874
10 0.515550
Memoria
1 1.913075
2 0.891622
3 0.636826
4 0.540551
5 0.468967
6 0.440104
7 0.400930
8 0.361032
9 0.356423
10 0.370019
Fixo
1 0.051814
2 0.103919
3 0.161233
4 0.215865
5 0.264409
6 0.327788
7 0.411578
8 0.449482
9 0.501062
10 0.559827
Memoria
1 1.961656
2 0.868488
3 0.632586
4 0.550012
5 0.487675
6 0.461043
7 0.450073
8 0.403031
9 0.414818
10 0.421636
